  -3.1350160e+01   1.1404317e-01  -1.3341787e-04
  -3.1300120e+01   8.9965030e-02  -3.2650838e-07
  -3.1250080e+01   3.3989631e-02   1.3341796e-04
  -3.1200040e+01  -1.7145207e-02   9.7954148e-07
  -3.1150000e+01  -3.7736859e-02  -1.3341823e-04
  -3.1099960e+01  -3.6821384e-02  -1.6326243e-06
  -3.1049920e+01  -4.1241018e-02   1.3341867e-04
  -3.0999880e+01  -6.0094035e-02   2.2857897e-06
  -3.0949839e+01  -8.6849444e-02  -1.3341929e-04
  -3.0899799e+01  -1.2778080e-01  -2.9390709e-06
  -3.0849759e+01  -1.8817009e-01   1.3342008e-04
  -3.0799719e+01  -2.2816069e-01   3.5925010e-06
  -3.0749679e+01  -1.8568183e-01  -1.3342106e-04
  -3.0699639e+01  -6.8468136e-02  -4.2461132e-06
  -3.0649599e+01   2.3314035e-02   1.3342221e-04
  -3.0599559e+01   4.5085960e-03   4.8999405e-06
  -3.0549519e+01  -9.7385281e-02  -1.3342354e-04
  -3.0499479e+01  -1.8669022e-01  -5.5540164e-06
  -3.0449439e+01  -2.0891444e-01   1.3342504e-04
  -3.0399398e+01  -1.7740545e-01   6.2083738e-06
  -3.0349358e+01  -1.2546401e-01  -1.3342673e-04
  -3.0299318e+01  -8.4241991e-02  -6.8630464e-06
  -3.0249278e+01  -8.7471050e-02   1.3342859e-04
  -3.0199238e+01  -1.4282108e-01   7.5180675e-06
  -3.0149198e+01  -2.0351202e-01  -1.3343063e-04
  -3.0099158e+01  -2.1306827e-01  -8.1734705e-06
  -3.0049118e+01  -1.7517064e-01   1.3343285e-04
  -2.9999078e+01  -1.4024494e-01   8.8292890e-06
  -2.9949038e+01  -1.2859734e-01  -1.3343525e-04
  -2.9898997e+01  -1.0794757e-01  -9.4855565e-06
  -2.9848957e+01  -4.5243966e-02   1.3343784e-04
  -2.9798917e+01   5.8345657e-02   1.0142307e-05
  -2.9748877e+01   1.8284457e-01  -1.3344060e-04
  -2.9698837e+01   2.9972563e-01  -1.0799574e-05
  -2.9648797e+01   3.6467821e-01   1.3344354e-04
  -2.9598757e+01   3.4195527e-01   1.1457392e-05
  -2.9548717e+01   2.4968613e-01  -1.3344667e-04
  -2.9498677e+01   1.5272964e-01  -1.2115794e-05
  -2.9448637e+01   9.9948420e-02   1.3344998e-04
  -2.9398597e+01   8.7787311e-02   1.2774815e-05
  -2.9348556e+01   8.5006449e-02  -1.3345347e-04
  -2.9298516e+01   6.9439747e-02  -1.3434489e-05
  -2.9248476e+01   4.2667152e-02   1.3345714e-04
  -2.9198436e+01   3.2339819e-02   1.4094851e-05
  -2.9148396e+01   7.2769417e-02  -1.3346100e-04
  -2.9098356e+01   1.5636708e-01  -1.4755935e-05
  -2.9048316e+01   2.1835703e-01   1.3346505e-04
  -2.8998276e+01   2.0729603e-01   1.5417776e-05
  -2.8948236e+01   1.5682282e-01  -1.3346928e-04
  -2.8898196e+01   1.3758199e-01  -1.6080408e-05
  -2.8848155e+01   1.4606689e-01   1.3347370e-04
  -2.8798115e+01   1.0544534e-01   1.6743867e-05
  -2.8748075e+01  -1.1399024e-02  -1.3347831e-04
  -2.8698035e+01  -1.2412133e-01  -1.7408188e-05
  -2.8647995e+01  -1.4214271e-01   1.3348311e-04
  -2.8597955e+01  -7.1164114e-02   1.8073407e-05
  -2.8547915e+01   1.2267622e-02  -1.3348809e-04
  -2.8497875e+01   5.2318340e-02  -1.8739558e-05
  -2.8447835e+01   4.3815410e-02   1.3349327e-04
  -2.8397795e+01   6.9515379e-03   1.9406678e-05
  -2.8347754e+01  -2.5316100e-02  -1.3349864e-04
  -2.8297714e+01  -1.8123177e-02  -2.0074802e-05
  -2.8247674e+01   2.8772403e-02   1.3350421e-04
  -2.8197634e+01   7.1335077e-02   2.0743968e-05
  -2.8147594e+01   7.5512738e-02  -1.3350996e-04
  -2.8097554e+01   5.7718550e-02  -2.1414210e-05
  -2.8047514e+01   4.2465642e-02   1.3351592e-04
  -2.7997474e+01   1.1491891e-02   2.2085567e-05
  -2.7947434e+01  -5.9710876e-02  -1.3352207e-04
  -2.7897394e+01  -1.3541026e-01  -2.2758074e-05
  -2.7847354e+01  -1.4105537e-01   1.3352842e-04
  -2.7797313e+01  -4.8727626e-02   2.3431770e-05
  -2.7747273e+01   9.4790224e-02  -1.3353497e-04
  -2.7697233e+01   2.1709282e-01  -2.4106690e-05
  -2.7647193e+01   2.6286344e-01   1.3354172e-04
  -2.7597153e+01   2.0529152e-01   2.4782873e-05
  -2.7547113e+01   6.6862314e-02  -1.3354867e-04
  -2.7497073e+01  -7.3478877e-02  -2.5460357e-05
  -2.7447033e+01  -1.4409257e-01   1.3355582e-04
  -2.7396993e+01  -1.5741715e-01   2.6139180e-05
  -2.7346953e+01  -1.7968686e-01  -1.3356318e-04
  -2.7296912e+01  -2.2473122e-01  -2.6819380e-05
  -2.7246872e+01  -2.3495468e-01   1.3357075e-04
  -2.7196832e+01  -1.7949668e-01   2.7500997e-05
  -2.7146792e+01  -1.0813442e-01  -1.3357853e-04
  -2.7096752e+01  -7.7460386e-02  -2.8184068e-05
  -2.7046712e+01  -8.0170789e-02   1.3358652e-04
  -2.6996672e+01  -8.7578235e-02   2.8868634e-05
  -2.6946632e+01  -1.0720787e-01  -1.3359471e-04
  -2.6896592e+01  -1.4109569e-01  -2.9554735e-05
  -2.6846552e+01  -1.3127483e-01   1.3360313e-04
  -2.6796512e+01  -2.0494161e-02   3.0242410e-05
  -2.6746471e+01   1.5175715e-01  -1.3361176e-04
  -2.6696431e+01   2.8231333e-01  -3.0931699e-05
  -2.6646391e+01   3.2531563e-01   1.3362060e-04
  -2.6596351e+01   3.1633534e-01   3.1622644e-05
  -2.6546311e+01   2.8263084e-01  -1.3362967e-04
  -2.6496271e+01   2.0504797e-01  -3.2315285e-05
  -2.6446231e+01   8.3562028e-02   1.3363895e-04
  -2.6396191e+01  -2.9677573e-02   3.3009665e-05
  -2.6346151e+01  -9.2730149e-02  -1.3364846e-04
  -2.6296111e+01  -1.1481979e-01  -3.3705824e-05
  -2.6246070e+01  -1.1041315e-01   1.3365820e-04
  -2.6196030e+01  -7.2428704e-02   3.4403807e-05
  -2.6145990e+01  -2.3961347e-02  -1.3366816e-04
  -2.6095950e+01  -3.0946282e-02  -3.5103653e-05
  -2.6045910e+01  -1.0848897e-01   1.3367835e-04
  -2.5995870e+01  -1.6643754e-01   3.5805408e-05
  -2.5945830e+01  -1.1248512e-01  -1.3368878e-04
  -2.5895790e+01   2.6497780e-02  -3.6509113e-05
  -2.5845750e+01   1.4604642e-01   1.3369944e-04
  -2.5795710e+01   1.9072001e-01   3.7214815e-05
  -2.5745669e+01   1.7371243e-01  -1.3371033e-04
  -2.5695629e+01   1.0920451e-01  -3.7922556e-05
  -2.5645589e+01   1.3517458e-02   1.3372147e-04
  -2.5595549e+01  -4.5029328e-02   3.8632383e-05
  -2.5545509e+01   4.2644724e-03  -1.3373284e-04
  -2.5495469e+01   1.2556269e-01  -3.9344338e-05
  -2.5445429e+01   2.0266404e-01   1.3374447e-04
  -2.5395389e+01   1.9047355e-01   4.0058471e-05
  -2.5345349e+01   1.5784587e-01  -1.3375633e-04
  -2.5295309e+01   1.5777789e-01  -4.0774825e-05
  -2.5245269e+01   1.4604252e-01   1.3376845e-04
  -2.5195228e+01   7.4453121e-02   4.1493450e-05
  -2.5145188e+01  -1.6908014e-02  -1.3378082e-04
  -2.5095148e+01  -6.3907457e-02  -4.2214388e-05
  -2.5045108e+01  -7.0995478e-02   1.3379345e-04
  -2.4995068e+01  -7.2862931e-02   4.2937695e-05
  -2.4945028e+01  -5.8112006e-02  -1.3380633e-04
  -2.4894988e+01  -5.3815970e-03  -4.3663411e-05
  -2.4844948e+01   4.7027038e-02   1.3381948e-04
  -2.4794908e+01   4.8034576e-02   4.4391594e-05
  -2.4744868e+01   2.3074065e-02  -1.3383289e-04
  -2.4694827e+01   3.6462829e-02  -4.5122282e-05
  -2.4644787e+01   8.0017399e-02   1.3384657e-04
  -2.4594747e+01   7.9837149e-02   4.5855540e-05
  -2.4544707e+01   1.2850863e-02  -1.3386052e-04
  -2.4494667e+01  -6.0478369e-02  -4.6591403e-05
  -2.4444627e+01  -9.1394821e-02   1.3387475e-04
  -2.4394587e+01  -1.0071362e-01   4.7329939e-05
  -2.4344547e+01  -1.1978979e-01  -1.3388924e-04
  -2.4294507e+01  -1.3632998e-01  -4.8071181e-05
  -2.4244467e+01  -1.3285152e-01   1.3390403e-04
  -2.4194427e+01  -1.3170584e-01   4.8815206e-05
  -2.4144386e+01  -1.6319459e-01  -1.3391909e-04
  -2.4094346e+01  -2.1773995e-01  -4.9562038e-05
  -2.4044306e+01  -2.5967471e-01   1.3393446e-04
  -2.3994266e+01  -2.6647240e-01   5.0311765e-05
  -2.3944226e+01  -2.3299935e-01  -1.3395010e-04
  -2.3894186e+01  -1.6303479e-01  -5.1064404e-05
  -2.3844146e+01  -8.2948880e-02   1.3396605e-04
  -2.3794106e+01  -4.1904820e-02   5.1820053e-05
  -2.3744066e+01  -6.5437686e-02  -1.3398228e-04
  -2.3694026e+01  -1.1552984e-01  -5.2578721e-05
  -2.3643985e+01  -1.2393627e-01   1.3399885e-04
  -2.3593945e+01  -6.8838660e-02   5.3340520e-05
  -2.3543905e+01  -1.6561515e-03  -1.3401569e-04
  -2.3493865e+01   1.0175973e-02  -5.4105443e-05
  -2.3443825e+01  -4.0482735e-02   1.3403287e-04
  -2.3393785e+01  -9.1772609e-02   5.4873624e-05
  -2.3343745e+01  -8.3069206e-02  -1.3405034e-04
  -2.3293705e+01  -2.3192029e-02  -5.5645037e-05
  -2.3243665e+01   2.5796846e-02   1.3406817e-04
  -2.3193625e+01   2.5536606e-02   5.6419840e-05
  -2.3143584e+01  -4.5776670e-03  -1.3408627e-04
  -2.3093544e+01  -3.2268577e-02  -5.7197983e-05
  -2.3043504e+01  -5.4180299e-02   1.3410477e-04
  -2.2993464e+01  -7.2746505e-02   5.7979655e-05
  -2.2943424e+01  -6.6732268e-02  -1.3412353e-04
  -2.2893384e+01  -2.1124834e-02  -5.8764775e-05
  -2.2843344e+01   3.5449656e-02   1.3414271e-04
  -2.2793304e+01   5.9756031e-02   5.9553569e-05
  -2.2743264e+01   4.4317011e-02  -1.3416215e-04
  -2.2693224e+01   6.4798649e-03  -6.0345921e-05
  -2.2643184e+01  -4.8812389e-02   1.3418204e-04
  -2.2593143e+01  -1.1083671e-01   6.1142100e-05
  -2.2543103e+01  -1.2945896e-01  -1.3420217e-04
  -2.2493063e+01  -6.0044087e-02  -6.1941945e-05
  -2.2443023e+01   6.0846646e-02   1.3422278e-04
  -2.2392983e+01   1.4281673e-01   6.2745779e-05
  -2.2342943e+01   1.5315462e-01  -1.3424363e-04
  -2.2292903e+01   1.4874278e-01  -6.3553387e-05
  -2.2242863e+01   1.8357303e-01   1.3426500e-04
  -2.2192823e+01   2.3551193e-01   6.4365155e-05
  -2.2142783e+01   2.4778738e-01  -1.3428658e-04
  -2.2092742e+01   2.0101129e-01  -6.5180803e-05
  -2.2042702e+01   1.1789039e-01   1.3430873e-04
  -2.1992662e+01   2.9330100e-02   6.6000792e-05
  -2.1942622e+01  -3.9562209e-02  -1.3433106e-04
  -2.1892582e+01  -7.4517914e-02  -6.6824768e-05
  -2.1842542e+01  -8.1351987e-02   1.3435402e-04
  -2.1792502e+01  -7.1095421e-02   6.7653275e-05
  -2.1742462e+01  -3.3381505e-02  -1.3437713e-04
  -2.1692422e+01   4.3567163e-02  -6.8485873e-05
  -2.1642382e+01   1.2563652e-01   1.3440093e-04
  -2.1592342e+01   1.5163443e-01   6.9323207e-05
  -2.1542301e+01   1.1298192e-01  -1.3442483e-04
  -2.1492261e+01   6.9884064e-02  -7.0164733e-05
  -2.1442221e+01   7.0227957e-02   1.3444950e-04
  -2.1392181e+01   9.7880513e-02   7.1011211e-05
  -2.1342141e+01   1.2148486e-01  -1.3447422e-04
  -2.1292101e+01   1.4049645e-01  -7.1861979e-05
  -2.1242061e+01   1.4795761e-01   1.3449979e-04
  -2.1192021e+01   1.0139137e-01   7.2717930e-05
  -2.1141981e+01  -1.2917304e-02  -1.3452536e-04
  -2.1091941e+01  -1.1851488e-01  -7.3578266e-05
  -2.1041900e+01  -1.0936427e-01   1.3455187e-04
  -2.0991860e+01   3.7649783e-02   7.4444031e-05
  -2.0941820e+01   2.4609527e-01  -1.3457831e-04
  -2.0891780e+01   4.1528081e-01  -7.5314271e-05
  -2.0841740e+01   4.7500325e-01   1.3460579e-04
  -2.0791700e+01   3.9473864e-01   7.6190203e-05
  -2.0741660e+01   2.0111475e-01  -1.3463313e-04
  -2.0691620e+01  -1.0174239e-02  -7.7070695e-05
  -2.0641580e+01  -1.2737805e-01   1.3466161e-04
  -2.0591540e+01  -1.0828430e-01   7.7957160e-05
  -2.0541499e+01  -1.3581749e-03  -1.3468988e-04
  -2.0491459e+01   1.1089494e-01  -7.8848264e-05
  -2.0441419e+01   1.7040225e-01   1.3471942e-04
  -2.0391379e+01   1.6133207e-01   7.9745642e-05
  -2.0341339e+01   1.0475599e-01  -1.3474864e-04
  -2.0291299e+01   3.9255630e-02  -8.0647730e-05
  -2.0241259e+01  -1.0722529e-02   1.3477927e-04
  -2.0191219e+01  -4.5256580e-02   8.1556415e-05
  -2.0141179e+01  -6.2387988e-02  -1.3480948e-04
  -2.0091139e+01  -4.5177035e-02  -8.2469873e-05
  -2.0041099e+01   4.6423347e-03   1.3484126e-04
  -1.9991058e+01   4.6750118e-02   8.3390276e-05
  -1.9941018e+01   4.8762931e-02  -1.3487247e-04
  -1.9890978e+01   3.3262239e-02  -8.4315500e-05
  -1.9840938e+01   4.1809927e-02   1.3490544e-04
  -1.9790898e+01   6.5831733e-02   8.5248050e-05
  -1.9740858e+01   5.2751953e-02  -1.3493770e-04
  -1.9690818e+01  -2.3489053e-02  -8.6185450e-05
  -1.9640778e+01  -1.3128048e-01   1.3497193e-04
  -1.9590738e+01  -2.1738776e-01   8.7130596e-05
  -1.9540698e+01  -2.4593063e-01  -1.3500524e-04
  -1.9490657e+01  -2.0890247e-01  -8.8080593e-05
  -1.9440617e+01  -1.3010349e-01   1.3504079e-04
  -1.9390577e+01  -5.7558526e-02   8.9038806e-05
  -1.9340537e+01  -2.7110158e-02  -1.3507520e-04
  -1.9290497e+01  -3.5758197e-02  -9.0001834e-05
  -1.9240457e+01  -6.4241516e-02   1.3511214e-04
  -1.9190417e+01  -1.0314786e-01   9.0973606e-05
  -1.9140377e+01  -1.3146609e-01  -1.3514765e-04
  -1.9090337e+01  -1.0298868e-01  -9.1950111e-05
  -1.9040297e+01  -3.3909394e-03   1.3518606e-04
  -1.8990257e+01   1.0089398e-01   9.2935962e-05
  -1.8940216e+01   1.2946503e-01  -1.3522270e-04
  -1.8890176e+01   9.4219650e-02  -9.3926399e-05
  -1.8840136e+01   7.8345004e-02   1.3526268e-04
  -1.8790096e+01   1.1257475e-01   9.4926879e-05
  -1.8740056e+01   1.4197135e-01  -1.3530045e-04
  -1.8690016e+01   1.2910296e-01  -9.5931714e-05
  -1.8639976e+01   1.1780755e-01   1.3534210e-04
  -1.8589936e+01   1.5534298e-01   9.6947404e-05
  -1.8539896e+01   2.0410996e-01  -1.3538100e-04
  -1.8489856e+01   1.7918936e-01  -9.7967111e-05
  -1.8439815e+01   4.6229711e-02   1.3542445e-04
  -1.8389775e+01  -1.5089955e-01   9.8998624e-05
  -1.8339735e+01  -3.3279276e-01  -1.3546446e-04
  -1.8289695e+01  -4.2657426e-01  -1.0003369e-04
  -1.8239655e+01  -3.9701189e-01   1.3550985e-04
  -1.8189615e+01  -2.7402467e-01   1.0108167e-04
  -1.8139575e+01  -1.3421183e-01  -1.3555096e-04
  -1.8089535e+01  -3.0472984e-02  -1.0213260e-04
  -1.8039495e+01   4.2749674e-02   1.3559844e-04
  -1.7989455e+01   1.0094190e-01   1.0319773e-04
  -1.7939414e+01   1.2462036e-01  -1.3564063e-04
  -1.7889374e+01   9.6193152e-02  -1.0426503e-04
  -1.7839334e+01   4.9188854e-02   1.3569036e-04
  -1.7789294e+01   3.6095162e-02   1.0534804e-04
  -1.7739254e+01   6.4419111e-02  -1.3573360e-04
  -1.7689214e+01   1.0290814e-01  -1.0643222e-04
  -1.7639174e+01   1.3204827e-01   1.3578577e-04
  -1.7589134e+01   1.4436699e-01   1.0753388e-04
  -1.7539094e+01   1.1161306e-01  -1.3582999e-04
  -1.7489054e+01   9.2783101e-03  -1.0863546e-04
  -1.7439014e+01  -1.2217565e-01   1.3588486e-04
  -1.7388973e+01  -1.9248866e-01   1.0975661e-04
  -1.7338933e+01  -1.5673423e-01  -1.3592993e-04
  -1.7288893e+01  -5.9484160e-02  -1.1087604e-04
  -1.7238853e+01   3.0647557e-02   1.3598783e-04
  -1.7188813e+01   9.2742847e-02   1.1201770e-04
  -1.7138773e+01   1.3737011e-01  -1.3603352e-04
  -1.7088733e+01   1.5597208e-01  -1.1315531e-04
  -1.7038693e+01   1.2829429e-01   1.3609497e-04
  -1.6988653e+01   6.6773128e-02   1.1431866e-04
  -1.6938613e+01   1.4091144e-02  -1.3614080e-04
  -1.6888572e+01  -7.1849711e-03  -1.1547456e-04
  -1.6838532e+01  -1.4709596e-02   1.3620665e-04
  -1.6788492e+01  -2.8617414e-02   1.1666127e-04
  -1.6738452e+01  -3.8516717e-02  -1.3625165e-04
  -1.6688412e+01  -2.4870772e-02  -1.1783487e-04
  -1.6638372e+01   4.0271552e-03   1.3632363e-04
  -1.6588332e+01   2.1498458e-02   1.1904767e-04
  -1.6538292e+01   2.4061015e-02  -1.3636553e-04
  -1.6488252e+01   3.5576570e-02  -1.2023699e-04
  -1.6438212e+01   6.0823782e-02   1.3644692e-04
  -1.6388172e+01   6.0703116e-02   1.2148019e-04
  -1.6338131e+01  -2.6490075e-03  -1.3648201e-04
  -1.6288091e+01  -1.1009985e-01  -1.2268190e-04
  -1.6238051e+01  -2.0242948e-01   1.3657738e-04
  -1.6188011e+01  -2.4635344e-01   1.2396128e-04
  -1.6137971e+01  -2.5287537e-01  -1.3659996e-04
  -1.6087931e+01  -2.3143865e-01  -1.2516895e-04
  -1.6037891e+01  -1.6727986e-01   1.3671878e-04
  -1.5987851e+01  -6.3778532e-02   1.2649706e-04
  -1.5937811e+01   2.6977824e-02  -1.3671598e-04
  -1.5887771e+01   5.0522894e-02  -1.2769906e-04
  -1.5837730e+01   1.2196181e-02   1.3687149e-04
  -1.5787690e+01  -3.5538711e-02   1.2909137e-04
  -1.5737650e+01  -5.6457447e-02  -1.3684288e-04
  -1.5687610e+01  -5.2237215e-02  -1.3032026e-04
  -1.5637570e+01  -3.0180126e-02   1.3709469e-04
  -1.5587530e+01   1.3758479e-02   1.3250016e-04
  -1.5537490e+01   7.2580081e-02  -1.3439396e-04
  -1.5487450e+01   1.1689165e-01  -1.2751903e-04
  -1.5437410e+01   1.2072110e-01   1.4559017e-04
  -1.5387370e+01   8.5828699e-02   1.4496119e-04
  -1.5337329e+01   3.4199156e-02  -1.2563779e-04
  -1.5287289e+01  -1.1252827e-02  -1.2397826e-04
  -1.5237249e+01  -3.5855368e-02   1.4900319e-04
  -1.5187209e+01  -3.8492457e-02   1.4886180e-04
  -1.5137169e+01  -3.4441847e-02  -1.2556240e-04
  -1.5087129e+01  -4.3531970e-02  -1.2672525e-04
  -1.5037089e+01  -7.2774906e-02   1.4924148e-04
  -1.4987049e+01  -1.1645685e-01   1.5201966e-04
  -1.4937009e+01  -1.6476280e-01  -1.2467283e-04
  -1.4886969e+01  -1.9705949e-01  -1.2739497e-04
  -1.4836929e+01  -1.7941740e-01   1.5270032e-04
  -1.4786888e+01  -1.0074118e-01   1.5875480e-04
  -1.4736848e+01  -1.1064381e-02  -1.2127610e-04
  -1.4686808e+01   1.3033422e-02  -1.2774180e-04
  -1.4636768e+01  -4.4567396e-02   1.5424162e-04
  -1.4586728e+01  -1.1771225e-01   1.6221064e-04
  -1.4536688e+01  -1.4173297e-01  -1.2129496e-04
  -1.4486648e+01  -1.2948023e-01  -1.3062330e-04
  -1.4436608e+01  -1.3816624e-01   1.5452780e-04
  -1.4386568e+01  -1.8838186e-01   1.6540484e-04
  -1.4336528e+01  -2.5270173e-01  -1.2109831e-04
  -1.4286487e+01  -3.0473070e-01  -1.3305126e-04
  -1.4236447e+01  -3.3322558e-01   1.5547020e-04
  -1.4186407e+01  -3.1419296e-01   1.6923227e-04
  -1.4136367e+01  -2.2226466e-01  -1.2066351e-04
  -1.4086327e+01  -8.6956880e-02  -1.3573710e-04
  -1.4036287e+01   4.1987431e-03   1.5589028e-04
  -1.3986247e+01  -9.8254474e-03   1.7248904e-04
  -1.3936207e+01  -9.6021953e-02  -1.2077092e-04
  -1.3886167e+01  -1.6773977e-01  -1.3881854e-04
  -1.3836127e+01  -1.7450183e-01   1.5618595e-04
  -1.3786087e+01  -1.2828122e-01   1.7579225e-04
  -1.3736046e+01  -6.1444286e-02  -1.2088564e-04
  -1.3686006e+01   1.8682916e-03  -1.4197516e-04
  -1.3635966e+01   3.4841928e-02   1.5649232e-04
  -1.3585926e+01   1.0246914e-02   1.7917740e-04
  -1.3535886e+01  -6.3945635e-02  -1.2100826e-04
  -1.3485846e+01  -1.3102819e-01  -1.4521263e-04
  -1.3435806e+01  -1.3229297e-01   1.5681025e-04
  -1.3385766e+01  -6.5832989e-02   1.8264897e-04
  -1.3335726e+01   1.2823005e-02  -1.2113872e-04
  -1.3285686e+01   4.6407262e-02  -1.4853397e-04
  -1.3235645e+01   2.4078156e-02   1.5714134e-04
  -1.3185605e+01  -2.1143203e-02   1.8621189e-04
  -1.3135565e+01  -4.9731836e-02  -1.2127680e-04
  -1.3085525e+01  -4.6408467e-02  -1.5194253e-04
  -1.3035485e+01  -2.1006254e-02   1.5748695e-04
  -1.2985445e+01   1.3092435e-02   1.8987106e-04
  -1.2935405e+01   5.5709972e-02  -1.2142252e-04
  -1.2885365e+01   1.1022501e-01  -1.5544198e-04
  -1.2835325e+01   1.5977700e-01   1.5784852e-04
  -1.2785285e+01   1.6893082e-01   1.9363177e-04
  -1.2735244e+01   1.2376480e-01  -1.2157585e-04
  -1.2685204e+01   6.2468362e-02  -1.5903615e-04
  -1.2635164e+01   4.2760503e-02   1.5822778e-04
  -1.2585124e+01   7.3249435e-02   1.9749985e-04
  -1.2535084e+01   9.9182274e-02  -1.2173653e-04
  -1.2485044e+01   7.1684473e-02  -1.6272881e-04
  -1.2435004e+01   1.1716958e-02   1.5862703e-04
  -1.2384964e+01  -2.1204336e-02   2.0148208e-04
  -1.2334924e+01  -1.2042740e-02  -1.2190364e-04
  -1.2284884e+01  -4.8327293e-03  -1.6652314e-04
  -1.2234844e+01  -3.0681095e-02   1.5904964e-04
  -1.2184803e+01  -6.2562052e-02   2.0558650e-04
  -1.2134763e+01  -6.6552766e-02  -1.2207592e-04
  -1.2084723e+01  -6.4200194e-02  -1.7042378e-04
  -1.2034683e+01  -9.9415395e-02   1.5949762e-04
  -1.1984643e+01  -1.5531970e-01   2.0983246e-04
  -1.1934603e+01  -1.5425223e-01  -1.2219376e-04
  -1.1884563e+01  -5.5023669e-02  -1.7427922e-04
  -1.1834523e+01   8.4764149e-02   1.6025243e-04
  -1.1784483e+01   1.6653604e-01   2.1457854e-04
  -1.1734443e+01   1.5043437e-01  -1.2198147e-04
  -1.1684402e+01   7.7287206e-02  -1.7808571e-04
  -1.1634362e+01   9.5044119e-03   1.6095054e-04
  -1.1584322e+01  -2.3223135e-02   2.1922175e-04
  -1.1534282e+01  -2.6343580e-02  -1.2183593e-04
  -1.1484242e+01  -1.5283392e-02  -1.8134691e-04
  -1.1434202e+01   3.9937410e-03   1.6353018e-04
  -1.1384162e+01   3.8468147e-02   2.2699205e-04
  -1.1334122e+01   9.4653549e-02  -1.1840349e-04
  -1.1284082e+01   1.5981599e-01  -1.8243837e-04
  -1.1234042e+01   2.0452412e-01   1.6637673e-04
  -1.1184002e+01   2.0999808e-01   2.3313299e-04
  -1.1133961e+01   1.8202112e-01  -1.1720811e-04
  -1.1083921e+01   1.2971844e-01  -1.8371103e-04
  -1.1033881e+01   4.8403639e-02   1.7363341e-04
  -1.0983841e+01  -5.6854584e-02   2.4836711e-04
  -1.0933801e+01  -1.4525626e-01  -1.0533163e-04
  -1.0883761e+01  -1.6767953e-01  -1.7733270e-04
  -1.0833721e+01  -1.1904217e-01   1.8206298e-04
  -1.0783681e+01  -3.9964137e-02   2.5836573e-04
  -1.0733641e+01   3.0611977e-02  -1.0037521e-04
  -1.0683601e+01   7.6617952e-02  -1.7175997e-04
  -1.0633560e+01   8.1489846e-02   2.0173488e-04
  -1.0583520e+01   2.5655333e-02   2.9041905e-04
  -1.0533480e+01  -7.3489936e-02  -7.1703737e-05
  -1.0483440e+01  -1.5249096e-01  -1.5251633e-04
  -1.0433400e+01  -1.6272522e-01   2.1877213e-04
  -1.0383360e+01  -1.2044952e-01   3.0816921e-04
  -1.0333320e+01  -6.9015062e-02  -5.4365535e-05
  -1.0283280e+01  -1.3691052e-02  -1.2540395e-04
  -1.0233240e+01   6.4738815e-02   2.6848636e-04
  -1.0183200e+01   1.4128560e-01   3.7137716e-04
  -1.0133159e+01   1.4335413e-01  -2.3846453e-06
  -1.0083119e+01   3.5440401e-02  -9.2708234e-05
  -1.0033079e+01  -1.2501294e-01   2.9718180e-04
  -9.9830392e+00  -2.4113501e-01   4.1133919e-04
  -9.9329991e+00  -2.6798420e-01   5.4728899e-05
  -9.8829590e+00  -2.3122374e-01  -1.2908347e-05
  -9.8329189e+00  -1.7528025e-01   3.9752466e-04
  -9.7828788e+00  -1.2523748e-01   5.0807368e-04
  -9.7328387e+00  -9.5374021e-02   1.2212681e-04
  -9.6827986e+00  -1.0015362e-01   3.5337711e-05
  -9.6327585e+00  -1.3741892e-01   4.6646461e-04
  -9.5827184e+00  -1.7377540e-01   6.2128574e-04
  -9.5326783e+00  -1.6559627e-01   2.6680723e-04
  -9.4826382e+00  -9.7655412e-02   1.8471159e-04
  -9.4325982e+00   4.2201647e-03   6.0014531e-04
  -9.3825581e+00   9.9098908e-02   7.2994761e-04
  -9.3325180e+00   1.6600998e-01   3.6501790e-04
  -9.2824779e+00   2.1233984e-01   3.1547471e-04
  -9.2324378e+00   2.5008594e-01   7.9517374e-04
  -9.1823977e+00   2.6981961e-01   9.6347466e-04
  -9.1323576e+00   2.4671695e-01   5.7590071e-04
  -9.0823175e+00   1.7597533e-01   4.7922041e-04
  -9.0322774e+00   9.3660670e-02   9.4969301e-04
  -8.9822373e+00   4.9177231e-02   1.1620301e-03
  -8.9321972e+00   5.5457351e-02   8.3716794e-04
  -8.8821571e+00   7.7638067e-02   7.8094044e-04
  -8.8321170e+00   7.6593401e-02   1.2471644e-03
  -8.7820769e+00   5.1973025e-02   1.4190314e-03
  -8.7320368e+00   2.8238579e-02   1.0673270e-03
  -8.6819967e+00   4.9037925e-03   1.0515035e-03
  -8.6319566e+00  -5.3790896e-02   1.6080907e-03
  -8.5819165e+00  -1.6391992e-01   1.8334415e-03
  -8.5318764e+00  -2.7155137e-01   1.4503940e-03
  -8.4818363e+00  -2.8862052e-01   1.3783378e-03
  -8.4317962e+00  -1.9123823e-01   1.9433925e-03
  -8.3817561e+00  -6.1173907e-02   2.2469435e-03
  -8.3317160e+00  -3.5845022e-03   1.9383032e-03
  -8.2816759e+00  -2.9763237e-02   1.8806359e-03
  -8.2316358e+00  -5.2023340e-02   2.4131742e-03
  -8.1815957e+00  -1.8479413e-03   2.6935873e-03
  -8.1315557e+00   8.0580070e-02   2.4185748e-03
  -8.0815156e+00   1.0092304e-01   2.4438439e-03
  -8.0314755e+00   3.0312466e-02   3.0393305e-03
  -7.9814354e+00  -6.9709411e-02   3.3055718e-03
  -7.9313953e+00  -1.3343242e-01   2.9857395e-03
  -7.8813552e+00  -1.5575090e-01   3.0483375e-03
  -7.8313151e+00  -1.6064443e-01   3.7901903e-03
  -7.7812750e+00  -1.4933211e-01   4.2016309e-03
  -7.7312349e+00  -1.0926083e-01   3.9192765e-03
  -7.6811948e+00  -4.7442823e-02   3.9362481e-03
  -7.6311547e+00   1.5480388e-02   4.6383054e-03
  -7.5811146e+00   6.6532798e-02   5.0385548e-03
  -7.5310745e+00   9.1986013e-02   4.7416220e-03
  -7.4810344e+00   7.2236216e-02   4.7485710e-03
  -7.4309943e+00   1.7711294e-02   5.4874677e-03
  -7.3809542e+00  -1.4296103e-02   5.9636004e-03
  -7.3309141e+00   1.6003417e-02   5.7212160e-03
  -7.2808740e+00   6.3767059e-02   5.7328913e-03
  -7.2308339e+00   4.8314089e-02   6.4623401e-03
  -7.1807938e+00  -3.3460584e-02   6.9590559e-03
  -7.1307537e+00  -9.4994353e-02   6.7720590e-03
  -7.0807136e+00  -6.7262180e-02   6.8478805e-03
  -7.0306735e+00   3.4988441e-02   7.6226843e-03
  -6.9806334e+00   1.6392807e-01   8.1408743e-03
  -6.9305933e+00   2.8935694e-01   7.9770338e-03
  -6.8805532e+00   3.6477469e-01   8.1038471e-03
  -6.8305132e+00   3.0877339e-01   8.9425233e-03
  -6.7804731e+00   9.3024630e-02   9.5008217e-03
  -6.7304330e+00  -1.7315853e-01   9.3576829e-03
  -6.6803929e+00  -3.1260942e-01   9.5267353e-03
  -6.6303528e+00  -2.4574823e-01   1.0432715e-02
  -6.5803127e+00  -5.9043376e-02   1.1039922e-02
  -6.5302726e+00   8.3172902e-02   1.0916715e-02
  -6.4802325e+00   6.8712808e-02   1.1120708e-02
  -6.4301924e+00  -9.6237332e-02   1.2092749e-02
  -6.3801523e+00  -2.9717920e-01   1.2753476e-02
  -6.3301122e+00  -3.8639311e-01   1.2650654e-02
  -6.2800721e+00  -2.9788171e-01   1.2884370e-02
  -6.2300320e+00  -1.1114928e-01   1.3918815e-02
  -6.1799919e+00   2.1009239e-02   1.4632674e-02
  -6.1299518e+00   2.1014922e-02   1.4547911e-02
  -6.0799117e+00  -4.9365167e-02   1.4805918e-02
  -6.0298716e+00  -7.0918058e-02   1.5898222e-02
  -5.9798315e+00   8.8315503e-03   1.6661886e-02
  -5.9297914e+00   1.3403693e-01   1.6589641e-02
  -5.8797513e+00   1.9971892e-01   1.6865386e-02
  -5.8297112e+00   1.4619704e-01   1.8013495e-02
  -5.7796711e+00   1.2066549e-02   1.8830137e-02
  -5.7296310e+00  -9.8639131e-02   1.8773372e-02
  -5.6795909e+00  -1.0764772e-01   1.9066313e-02
  -5.6295508e+00  -1.8523527e-02   2.0268841e-02
  -5.5795108e+00   1.1664433e-01   2.1139973e-02
  -5.5294707e+00   2.5684795e-01   2.1104031e-02
  -5.4794306e+00   3.7279675e-01   2.1422456e-02
  -5.4293905e+00   4.1621941e-01   2.2689352e-02
  -5.3793504e+00   3.4366574e-01   2.3626078e-02
  -5.3293103e+00   1.8065053e-01   2.3625356e-02
  -5.2792702e+00   2.4769596e-02   2.3990062e-02
  -5.2292301e+00  -3.5313412e-02   2.5347621e-02
  -5.1791900e+00   9.4554785e-03   2.6377726e-02
  -5.1291499e+00   9.9917300e-02   2.6441707e-02
  -5.0791098e+00   1.6808380e-01   2.6888829e-02
  -5.0290697e+00   1.7951479e-01   2.8380652e-02
  -4.9790296e+00   1.3918171e-01   2.9549960e-02
  -4.9289895e+00   7.3417065e-02   2.9725415e-02
  -4.8789494e+00   8.7898245e-03   3.0308670e-02
  -4.8289093e+00  -3.0434844e-02   3.1997913e-02
  -4.7788692e+00  -1.6779030e-02   3.3373176e-02
  -4.7288291e+00   5.3556951e-02   3.3727362e-02
  -4.6787890e+00   1.1738394e-01   3.4520099e-02
  -4.6287489e+00   7.4453806e-02   3.6489173e-02
  -4.5787088e+00  -9.7231937e-02   3.8155449e-02
  -4.5286687e+00  -2.8548415e-01   3.8771730e-02
  -4.4786286e+00  -3.5086251e-01   3.9860792e-02
  -4.4285885e+00  -2.6884734e-01   4.2203013e-02
  -4.3785484e+00  -1.2152250e-01   4.4253131e-02
  -4.3285083e+00   1.8453571e-02   4.5219276e-02
  -4.2784683e+00   1.2673341e-01   4.6693568e-02
  -4.2284282e+00   1.7589732e-01   4.9503099e-02
  -4.1783881e+00   1.4091710e-01   5.2029829e-02
  -4.1283480e+00   6.7605500e-02   5.3433408e-02
  -4.0783079e+00   4.8780834e-02   5.5383301e-02
  -4.0282678e+00   1.0073427e-01   5.8758304e-02
  -3.9782277e+00   1.3461407e-01   6.1860188e-02
  -3.9281876e+00   8.4925302e-02   6.3796773e-02
  -3.8781475e+00  -1.0106212e-03   6.6326007e-02
  -3.8281074e+00  -4.1555282e-02   7.0386196e-02
  -3.7780673e+00  -2.2782662e-02   7.4191481e-02
  -3.7280272e+00   2.6863854e-02   7.6793178e-02
  -3.6779871e+00   1.0112929e-01   8.0046950e-02
  -3.6279470e+00   1.9113120e-01   8.4952563e-02
  -3.5779069e+00   2.4387920e-01   8.9618169e-02
  -3.5278668e+00   2.1763517e-01   9.3022875e-02
  -3.4778267e+00   1.5339897e-01   9.7122034e-02
  -3.4277866e+00   1.3017325e-01   1.0297330e-01
  -3.3777465e+00   1.6801229e-01   1.0855586e-01
  -3.3277064e+00   2.2844712e-01   1.1276155e-01
  -3.2776663e+00   2.8853855e-01   1.1765412e-01
  -3.2276262e+00   3.5348974e-01   1.2435118e-01
  -3.1775861e+00   4.0642925e-01   1.3068104e-01
  -3.1275460e+00   4.0677348e-01   1.3543674e-01
  -3.0775059e+00   3.4650791e-01   1.4080932e-01
  -3.0274658e+00   2.6787998e-01   1.4798897e-01
  -2.9774258e+00   2.2135791e-01   1.5463854e-01
  -2.9273857e+00   2.3515089e-01   1.5945323e-01
  -2.8773456e+00   3.1743321e-01   1.6479329e-01
  -2.8273055e+00   4.5065050e-01   1.7195872e-01
  -2.7772654e+00   5.8502786e-01   1.7845289e-01
  -2.7272253e+00   6.7159453e-01   1.8289946e-01
  -2.6771852e+00   7.0474219e-01   1.8790431e-01
  -2.6271451e+00   7.0961759e-01   1.9494625e-01
  -2.5771050e+00   6.9425878e-01   2.0139916e-01
  -2.5270649e+00   6.4201619e-01   2.0587320e-01
  -2.4770248e+00   5.4833193e-01   2.1134001e-01
  -2.4269847e+00   4.3870260e-01   2.1955506e-01
  -2.3769446e+00   3.4685111e-01   2.2778167e-01
  -2.3269045e+00   2.8981784e-01   2.3462772e-01
  -2.2768644e+00   2.6350797e-01   2.4347513e-01
  -2.2268243e+00   2.5404821e-01   2.5634535e-01
  -2.1767842e+00   2.5679326e-01   2.7030196e-01
  -2.1267441e+00   2.8157700e-01   2.8393548e-01
  -2.0767040e+00   3.2598343e-01   3.0117924e-01
  -2.0266639e+00   3.5724942e-01   3.2446902e-01
  -1.9766238e+00   3.5692788e-01   3.5071276e-01
  -1.9265837e+00   3.7432616e-01   3.7854879e-01
  -1.8765436e+00   4.7897372e-01   4.1263670e-01
  -1.8265035e+00   6.5208200e-01   4.5598061e-01
  -1.7764634e+00   7.8880814e-01   5.0547192e-01
  -1.7264233e+00   8.3126721e-01   5.6027934e-01
  -1.6763833e+00   8.3569817e-01   6.2688138e-01
  -1.6263432e+00   8.7731455e-01   7.1045507e-01
  -1.5763031e+00   9.5886695e-01   8.1005681e-01
  -1.5262630e+00   1.0599889e+00   9.2865193e-01
  -1.4762229e+00   1.2082248e+00   1.0790265e+00
  -1.4261828e+00   1.4375232e+00   1.2733404e+00
  -1.3761427e+00   1.7294596e+00   1.5165743e+00
  -1.3261026e+00   2.0549559e+00   1.8168098e+00
  -1.2760625e+00   2.4207570e+00   2.1897935e+00
  -1.2260224e+00   2.8178694e+00   2.6433406e+00
  -1.1759823e+00   3.1919559e+00   3.1666793e+00
  -1.1259422e+00   3.5407981e+00   3.7420890e+00
  -1.0759021e+00   3.9753866e+00   4.3541798e+00
  -1.0258620e+00   4.5916447e+00   4.9821996e+00
  -9.7582191e-01   5.3345361e+00   5.6067279e+00
  -9.2578181e-01   6.0874783e+00   6.2470595e+00
  -8.7574171e-01   6.8607774e+00   6.9900829e+00
  -8.2570162e-01   7.8193148e+00   7.9846126e+00
  -7.7566152e-01   9.1878758e+00   9.4232929e+00
  -7.2562143e-01   1.1188042e+01   1.1489501e+01
  -6.7558133e-01   1.3896453e+01   1.4187335e+01
  -6.2554123e-01   1.6940090e+01   1.7112923e+01
  -5.7550114e-01   1.9417930e+01   1.9459062e+01
  -5.2546104e-01   2.0442569e+01   2.0449211e+01
  -4.7542095e-01   1.9885226e+01   1.9910701e+01
  -4.2538085e-01   1.8452864e+01   1.8413933e+01
  -3.7534075e-01   1.6994635e+01   1.6800980e+01
  -3.2530066e-01   1.5885510e+01   1.5586327e+01
  -2.7526056e-01   1.5086405e+01   1.4806718e+01
  -2.2522046e-01   1.4518365e+01   1.4324223e+01
  -1.7518037e-01   1.4176043e+01   1.4103405e+01
  -1.2514027e-01   1.4016906e+01   1.4157767e+01
  -7.5100176e-02   1.3951943e+01   1.4362195e+01
  -2.5060080e-02   1.3932130e+01   1.4473025e+01
   2.4980016e-02   1.3951943e+01   1.4362195e+01
   7.5020112e-02   1.4016906e+01   1.4157767e+01
   1.2506021e-01   1.4176043e+01   1.4103405e+01
   1.7510030e-01   1.4518365e+01   1.4324223e+01
   2.2514040e-01   1.5086405e+01   1.4806718e+01
   2.7518050e-01   1.5885510e+01   1.5586327e+01
   3.2522059e-01   1.6994635e+01   1.6800980e+01
   3.7526069e-01   1.8452864e+01   1.8413933e+01
   4.2530079e-01   1.9885226e+01   1.9910701e+01
   4.7534088e-01   2.0442569e+01   2.0449211e+01
   5.2538098e-01   1.9417930e+01   1.9459062e+01
   5.7542107e-01   1.6940090e+01   1.7112923e+01
   6.2546117e-01   1.3896453e+01   1.4187335e+01
   6.7550127e-01   1.1188042e+01   1.1489501e+01
   7.2554136e-01   9.1878758e+00   9.4232929e+00
   7.7558146e-01   7.8193148e+00   7.9846126e+00
   8.2562155e-01   6.8607774e+00   6.9900829e+00
   8.7566165e-01   6.0874783e+00   6.2470595e+00
   9.2570175e-01   5.3345361e+00   5.6067279e+00
   9.7574184e-01   4.5916447e+00   4.9821996e+00
   1.0257819e+00   3.9753866e+00   4.3541798e+00
   1.0758220e+00   3.5407981e+00   3.7420890e+00
   1.1258621e+00   3.1919559e+00   3.1666793e+00
   1.1759022e+00   2.8178694e+00   2.6433406e+00
   1.2259423e+00   2.4207570e+00   2.1897935e+00
   1.2759824e+00   2.0549559e+00   1.8168098e+00
   1.3260225e+00   1.7294596e+00   1.5165743e+00
   1.3760626e+00   1.4375232e+00   1.2733404e+00
   1.4261027e+00   1.2082248e+00   1.0790265e+00
   1.4761428e+00   1.0599889e+00   9.2865193e-01
   1.5261829e+00   9.5886695e-01   8.1005681e-01
   1.5762230e+00   8.7731455e-01   7.1045507e-01
   1.6262631e+00   8.3569817e-01   6.2688138e-01
   1.6763032e+00   8.3126721e-01   5.6027934e-01
   1.7263433e+00   7.8880814e-01   5.0547192e-01
   1.7763834e+00   6.5208200e-01   4.5598061e-01
   1.8264235e+00   4.7897372e-01   4.1263670e-01
   1.8764636e+00   3.7432616e-01   3.7854879e-01
   1.9265037e+00   3.5692788e-01   3.5071276e-01
   1.9765438e+00   3.5724942e-01   3.2446902e-01
   2.0265839e+00   3.2598343e-01   3.0117924e-01
   2.0766240e+00   2.8157700e-01   2.8393548e-01
   2.1266641e+00   2.5679326e-01   2.7030196e-01
   2.1767041e+00   2.5404821e-01   2.5634535e-01
   2.2267442e+00   2.6350797e-01   2.4347513e-01
   2.2767843e+00   2.8981784e-01   2.3462772e-01
   2.3268244e+00   3.4685111e-01   2.2778167e-01
   2.3768645e+00   4.3870260e-01   2.1955506e-01
   2.4269046e+00   5.4833193e-01   2.1134001e-01
   2.4769447e+00   6.4201619e-01   2.0587320e-01
   2.5269848e+00   6.9425878e-01   2.0139916e-01
   2.5770249e+00   7.0961759e-01   1.9494625e-01
   2.6270650e+00   7.0474219e-01   1.8790431e-01
   2.6771051e+00   6.7159453e-01   1.8289946e-01
   2.7271452e+00   5.8502786e-01   1.7845289e-01
   2.7771853e+00   4.5065050e-01   1.7195872e-01
   2.8272254e+00   3.1743321e-01   1.6479329e-01
   2.8772655e+00   2.3515089e-01   1.5945323e-01
   2.9273056e+00   2.2135791e-01   1.5463854e-01
   2.9773457e+00   2.6787998e-01   1.4798897e-01
   3.0273858e+00   3.4650791e-01   1.4080932e-01
   3.0774259e+00   4.0677348e-01   1.3543674e-01
   3.1274660e+00   4.0642925e-01   1.3068104e-01
   3.1775061e+00   3.5348974e-01   1.2435118e-01
   3.2275462e+00   2.8853855e-01   1.1765412e-01
   3.2775863e+00   2.2844712e-01   1.1276155e-01
   3.3276264e+00   1.6801229e-01   1.0855586e-01
   3.3776665e+00   1.3017325e-01   1.0297330e-01
   3.4277066e+00   1.5339897e-01   9.7122034e-02
   3.4777466e+00   2.1763517e-01   9.3022875e-02
   3.5277867e+00   2.4387920e-01   8.9618169e-02
   3.5778268e+00   1.9113120e-01   8.4952563e-02
   3.6278669e+00   1.0112929e-01   8.0046950e-02
   3.6779070e+00   2.6863854e-02   7.6793178e-02
   3.7279471e+00  -2.2782662e-02   7.4191481e-02
   3.7779872e+00  -4.1555282e-02   7.0386196e-02
   3.8280273e+00  -1.0106212e-03   6.6326007e-02
   3.8780674e+00   8.4925302e-02   6.3796773e-02
   3.9281075e+00   1.3461407e-01   6.1860188e-02
   3.9781476e+00   1.0073427e-01   5.8758304e-02
   4.0281877e+00   4.8780834e-02   5.5383301e-02
   4.0782278e+00   6.7605500e-02   5.3433408e-02
   4.1282679e+00   1.4091710e-01   5.2029829e-02
   4.1783080e+00   1.7589732e-01   4.9503099e-02
   4.2283481e+00   1.2673341e-01   4.6693568e-02
   4.2783882e+00   1.8453571e-02   4.5219276e-02
   4.3284283e+00  -1.2152250e-01   4.4253131e-02
   4.3784684e+00  -2.6884734e-01   4.2203013e-02
   4.4285085e+00  -3.5086251e-01   3.9860792e-02
   4.4785486e+00  -2.8548415e-01   3.8771730e-02
   4.5285887e+00  -9.7231937e-02   3.8155449e-02
   4.5786288e+00   7.4453806e-02   3.6489173e-02
   4.6286689e+00   1.1738394e-01   3.4520099e-02
   4.6787090e+00   5.3556951e-02   3.3727362e-02
   4.7287491e+00  -1.6779030e-02   3.3373176e-02
   4.7787891e+00  -3.0434844e-02   3.1997913e-02
   4.8288292e+00   8.7898245e-03   3.0308670e-02
   4.8788693e+00   7.3417065e-02   2.9725415e-02
   4.9289094e+00   1.3918171e-01   2.9549960e-02
   4.9789495e+00   1.7951479e-01   2.8380652e-02
   5.0289896e+00   1.6808380e-01   2.6888829e-02
   5.0790297e+00   9.9917300e-02   2.6441707e-02
   5.1290698e+00   9.4554785e-03   2.6377726e-02
   5.1791099e+00  -3.5313412e-02   2.5347621e-02
   5.2291500e+00   2.4769596e-02   2.3990062e-02
   5.2791901e+00   1.8065053e-01   2.3625356e-02
   5.3292302e+00   3.4366574e-01   2.3626078e-02
   5.3792703e+00   4.1621941e-01   2.2689352e-02
   5.4293104e+00   3.7279675e-01   2.1422456e-02
   5.4793505e+00   2.5684795e-01   2.1104031e-02
   5.5293906e+00   1.1664433e-01   2.1139973e-02
   5.5794307e+00  -1.8523527e-02   2.0268841e-02
   5.6294708e+00  -1.0764772e-01   1.9066313e-02
   5.6795109e+00  -9.8639131e-02   1.8773372e-02
   5.7295510e+00   1.2066549e-02   1.8830137e-02
   5.7795911e+00   1.4619704e-01   1.8013495e-02
   5.8296312e+00   1.9971892e-01   1.6865386e-02
   5.8796713e+00   1.3403693e-01   1.6589641e-02
   5.9297114e+00   8.8315503e-03   1.6661886e-02
   5.9797515e+00  -7.0918058e-02   1.5898222e-02
   6.0297916e+00  -4.9365167e-02   1.4805918e-02
   6.0798316e+00   2.1014922e-02   1.4547911e-02
   6.1298717e+00   2.1009239e-02   1.4632674e-02
   6.1799118e+00  -1.1114928e-01   1.3918815e-02
   6.2299519e+00  -2.9788171e-01   1.2884370e-02
   6.2799920e+00  -3.8639311e-01   1.2650654e-02
   6.3300321e+00  -2.9717920e-01   1.2753476e-02
   6.3800722e+00  -9.6237332e-02   1.2092749e-02
   6.4301123e+00   6.8712808e-02   1.1120708e-02
   6.4801524e+00   8.3172902e-02   1.0916715e-02
   6.5301925e+00  -5.9043376e-02   1.1039922e-02
   6.5802326e+00  -2.4574823e-01   1.0432715e-02
   6.6302727e+00  -3.1260942e-01   9.5267353e-03
   6.6803128e+00  -1.7315853e-01   9.3576829e-03
   6.7303529e+00   9.3024630e-02   9.5008217e-03
   6.7803930e+00   3.0877339e-01   8.9425233e-03
   6.8304331e+00   3.6477469e-01   8.1038471e-03
   6.8804732e+00   2.8935694e-01   7.9770338e-03
   6.9305133e+00   1.6392807e-01   8.1408743e-03
   6.9805534e+00   3.4988441e-02   7.6226843e-03
   7.0305935e+00  -6.7262180e-02   6.8478805e-03
   7.0806336e+00  -9.4994353e-02   6.7720590e-03
   7.1306737e+00  -3.3460584e-02   6.9590559e-03
   7.1807138e+00   4.8314089e-02   6.4623401e-03
   7.2307539e+00   6.3767059e-02   5.7328913e-03
   7.2807940e+00   1.6003417e-02   5.7212160e-03
   7.3308341e+00  -1.4296103e-02   5.9636004e-03
   7.3808741e+00   1.7711294e-02   5.4874677e-03
   7.4309142e+00   7.2236216e-02   4.7485710e-03
   7.4809543e+00   9.1986013e-02   4.7416220e-03
   7.5309944e+00   6.6532798e-02   5.0385548e-03
   7.5810345e+00   1.5480388e-02   4.6383054e-03
   7.6310746e+00  -4.7442823e-02   3.9362481e-03
   7.6811147e+00  -1.0926083e-01   3.9192765e-03
   7.7311548e+00  -1.4933211e-01   4.2016309e-03
   7.7811949e+00  -1.6064443e-01   3.7901903e-03
   7.8312350e+00  -1.5575090e-01   3.0483375e-03
   7.8812751e+00  -1.3343242e-01   2.9857395e-03
   7.9313152e+00  -6.9709411e-02   3.3055718e-03
   7.9813553e+00   3.0312466e-02   3.0393305e-03
   8.0313954e+00   1.0092304e-01   2.4438439e-03
   8.0814355e+00   8.0580070e-02   2.4185748e-03
   8.1314756e+00  -1.8479413e-03   2.6935873e-03
   8.1815157e+00  -5.2023340e-02   2.4131742e-03
   8.2315558e+00  -2.9763237e-02   1.8806359e-03
   8.2815959e+00  -3.5845022e-03   1.9383032e-03
   8.3316360e+00  -6.1173907e-02   2.2469435e-03
   8.3816761e+00  -1.9123823e-01   1.9433925e-03
   8.4317162e+00  -2.8862052e-01   1.3783378e-03
   8.4817563e+00  -2.7155137e-01   1.4503940e-03
   8.5317964e+00  -1.6391992e-01   1.8334415e-03
   8.5818365e+00  -5.3790896e-02   1.6080907e-03
   8.6318766e+00   4.9037925e-03   1.0515035e-03
   8.6819166e+00   2.8238579e-02   1.0673270e-03
   8.7319567e+00   5.1973025e-02   1.4190314e-03
   8.7819968e+00   7.6593401e-02   1.2471644e-03
   8.8320369e+00   7.7638067e-02   7.8094044e-04
   8.8820770e+00   5.5457351e-02   8.3716794e-04
   8.9321171e+00   4.9177231e-02   1.1620301e-03
   8.9821572e+00   9.3660670e-02   9.4969301e-04
   9.0321973e+00   1.7597533e-01   4.7922041e-04
   9.0822374e+00   2.4671695e-01   5.7590071e-04
   9.1322775e+00   2.6981961e-01   9.6347466e-04
   9.1823176e+00   2.5008594e-01   7.9517374e-04
   9.2323577e+00   2.1233984e-01   3.1547471e-04
   9.2823978e+00   1.6600998e-01   3.6501790e-04
   9.3324379e+00   9.9098908e-02   7.2994761e-04
   9.3824780e+00   4.2201647e-03   6.0014531e-04
   9.4325181e+00  -9.7655412e-02   1.8471159e-04
   9.4825582e+00  -1.6559627e-01   2.6680723e-04
   9.5325983e+00  -1.7377540e-01   6.2128574e-04
   9.5826384e+00  -1.3741892e-01   4.6646461e-04
   9.6326785e+00  -1.0015362e-01   3.5337711e-05
   9.6827186e+00  -9.5374021e-02   1.2212681e-04
   9.7327587e+00  -1.2523748e-01   5.0807368e-04
   9.7827988e+00  -1.7528025e-01   3.9752466e-04
   9.8328389e+00  -2.3122374e-01  -1.2908347e-05
   9.8828790e+00  -2.6798420e-01   5.4728899e-05
   9.9329190e+00  -2.4113501e-01   4.1133919e-04
   9.9829591e+00  -1.2501294e-01   2.9718180e-04
   1.0032999e+01   3.5440401e-02  -9.2708234e-05
   1.0083039e+01   1.4335413e-01  -2.3846453e-06
   1.0133079e+01   1.4128560e-01   3.7137716e-04
   1.0183120e+01   6.4738815e-02   2.6848636e-04
   1.0233160e+01  -1.3691052e-02  -1.2540395e-04
   1.0283200e+01  -6.9015062e-02  -5.4365535e-05
   1.0333240e+01  -1.2044952e-01   3.0816921e-04
   1.0383280e+01  -1.6272522e-01   2.1877213e-04
   1.0433320e+01  -1.5249096e-01  -1.5251633e-04
   1.0483360e+01  -7.3489936e-02  -7.1703737e-05
   1.0533400e+01   2.5655333e-02   2.9041905e-04
   1.0583440e+01   8.1489846e-02   2.0173488e-04
   1.0633480e+01   7.6617952e-02  -1.7175997e-04
   1.0683520e+01   3.0611977e-02  -1.0037521e-04
   1.0733561e+01  -3.9964137e-02   2.5836573e-04
   1.0783601e+01  -1.1904217e-01   1.8206298e-04
   1.0833641e+01  -1.6767953e-01  -1.7733270e-04
   1.0883681e+01  -1.4525626e-01  -1.0533163e-04
   1.0933721e+01  -5.6854584e-02   2.4836711e-04
   1.0983761e+01   4.8403639e-02   1.7363341e-04
   1.1033801e+01   1.2971844e-01  -1.8371103e-04
   1.1083841e+01   1.8202112e-01  -1.1720811e-04
   1.1133881e+01   2.0999808e-01   2.3313299e-04
   1.1183921e+01   2.0452412e-01   1.6637673e-04
   1.1233962e+01   1.5981599e-01  -1.8243837e-04
   1.1284002e+01   9.4653549e-02  -1.1840349e-04
   1.1334042e+01   3.8468147e-02   2.2699205e-04
   1.1384082e+01   3.9937410e-03   1.6353018e-04
   1.1434122e+01  -1.5283392e-02  -1.8134691e-04
   1.1484162e+01  -2.6343580e-02  -1.2183593e-04
   1.1534202e+01  -2.3223135e-02   2.1922175e-04
   1.1584242e+01   9.5044119e-03   1.6095054e-04
   1.1634282e+01   7.7287206e-02  -1.7808571e-04
   1.1684322e+01   1.5043437e-01  -1.2198147e-04
   1.1734363e+01   1.6653604e-01   2.1457854e-04
   1.1784403e+01   8.4764149e-02   1.6025243e-04
   1.1834443e+01  -5.5023669e-02  -1.7427922e-04
   1.1884483e+01  -1.5425223e-01  -1.2219376e-04
   1.1934523e+01  -1.5531970e-01   2.0983246e-04
   1.1984563e+01  -9.9415395e-02   1.5949762e-04
   1.2034603e+01  -6.4200194e-02  -1.7042378e-04
   1.2084643e+01  -6.6552766e-02  -1.2207592e-04
   1.2134683e+01  -6.2562052e-02   2.0558650e-04
   1.2184723e+01  -3.0681095e-02   1.5904964e-04
   1.2234763e+01  -4.8327293e-03  -1.6652314e-04
   1.2284804e+01  -1.2042740e-02  -1.2190364e-04
   1.2334844e+01  -2.1204336e-02   2.0148208e-04
   1.2384884e+01   1.1716958e-02   1.5862703e-04
   1.2434924e+01   7.1684473e-02  -1.6272881e-04
   1.2484964e+01   9.9182274e-02  -1.2173653e-04
   1.2535004e+01   7.3249435e-02   1.9749985e-04
   1.2585044e+01   4.2760503e-02   1.5822778e-04
   1.2635084e+01   6.2468362e-02  -1.5903615e-04
   1.2685124e+01   1.2376480e-01  -1.2157585e-04
   1.2735164e+01   1.6893082e-01   1.9363177e-04
   1.2785205e+01   1.5977700e-01   1.5784852e-04
   1.2835245e+01   1.1022501e-01  -1.5544198e-04
   1.2885285e+01   5.5709972e-02  -1.2142252e-04
   1.2935325e+01   1.3092435e-02   1.8987106e-04
   1.2985365e+01  -2.1006254e-02   1.5748695e-04
   1.3035405e+01  -4.6408467e-02  -1.5194253e-04
   1.3085445e+01  -4.9731836e-02  -1.2127680e-04
   1.3135485e+01  -2.1143203e-02   1.8621189e-04
   1.3185525e+01   2.4078156e-02   1.5714134e-04
   1.3235565e+01   4.6407262e-02  -1.4853397e-04
   1.3285605e+01   1.2823005e-02  -1.2113872e-04
   1.3335646e+01  -6.5832989e-02   1.8264897e-04
   1.3385686e+01  -1.3229297e-01   1.5681025e-04
   1.3435726e+01  -1.3102819e-01  -1.4521263e-04
   1.3485766e+01  -6.3945635e-02  -1.2100826e-04
   1.3535806e+01   1.0246914e-02   1.7917740e-04
   1.3585846e+01   3.4841928e-02   1.5649232e-04
   1.3635886e+01   1.8682916e-03  -1.4197516e-04
   1.3685926e+01  -6.1444286e-02  -1.2088564e-04
   1.3735966e+01  -1.2828122e-01   1.7579225e-04
   1.3786006e+01  -1.7450183e-01   1.5618595e-04
   1.3836047e+01  -1.6773977e-01  -1.3881854e-04
   1.3886087e+01  -9.6021953e-02  -1.2077092e-04
   1.3936127e+01  -9.8254474e-03   1.7248904e-04
   1.3986167e+01   4.1987431e-03   1.5589028e-04
   1.4036207e+01  -8.6956880e-02  -1.3573710e-04
   1.4086247e+01  -2.2226466e-01  -1.2066351e-04
   1.4136287e+01  -3.1419296e-01   1.6923227e-04
   1.4186327e+01  -3.3322558e-01   1.5547020e-04
   1.4236367e+01  -3.0473070e-01  -1.3305126e-04
   1.4286407e+01  -2.5270173e-01  -1.2109831e-04
   1.4336448e+01  -1.8838186e-01   1.6540484e-04
   1.4386488e+01  -1.3816624e-01   1.5452780e-04
   1.4436528e+01  -1.2948023e-01  -1.3062330e-04
   1.4486568e+01  -1.4173297e-01  -1.2129496e-04
   1.4536608e+01  -1.1771225e-01   1.6221064e-04
   1.4586648e+01  -4.4567396e-02   1.5424162e-04
   1.4636688e+01   1.3033422e-02  -1.2774180e-04
   1.4686728e+01  -1.1064381e-02  -1.2127610e-04
   1.4736768e+01  -1.0074118e-01   1.5875480e-04
   1.4786808e+01  -1.7941740e-01   1.5270032e-04
   1.4836848e+01  -1.9705949e-01  -1.2739497e-04
   1.4886889e+01  -1.6476280e-01  -1.2467283e-04
   1.4936929e+01  -1.1645685e-01   1.5201966e-04
   1.4986969e+01  -7.2774906e-02   1.4924148e-04
   1.5037009e+01  -4.3531970e-02  -1.2672525e-04
   1.5087049e+01  -3.4441847e-02  -1.2556240e-04
   1.5137089e+01  -3.8492457e-02   1.4886180e-04
   1.5187129e+01  -3.5855368e-02   1.4900319e-04
   1.5237169e+01  -1.1252827e-02  -1.2397826e-04
   1.5287209e+01   3.4199156e-02  -1.2563779e-04
   1.5337249e+01   8.5828699e-02   1.4496119e-04
   1.5387290e+01   1.2072110e-01   1.4559017e-04
   1.5437330e+01   1.1689165e-01  -1.2751903e-04
   1.5487370e+01   7.2580081e-02  -1.3439396e-04
   1.5537410e+01   1.3758479e-02   1.3250016e-04
   1.5587450e+01  -3.0180126e-02   1.3709469e-04
   1.5637490e+01  -5.2237215e-02  -1.3032026e-04
   1.5687530e+01  -5.6457447e-02  -1.3684288e-04
   1.5737570e+01  -3.5538711e-02   1.2909137e-04
   1.5787610e+01   1.2196181e-02   1.3687149e-04
   1.5837650e+01   5.0522894e-02  -1.2769906e-04
   1.5887690e+01   2.6977824e-02  -1.3671598e-04
   1.5937731e+01  -6.3778532e-02   1.2649706e-04
   1.5987771e+01  -1.6727986e-01   1.3671878e-04
   1.6037811e+01  -2.3143865e-01  -1.2516895e-04
   1.6087851e+01  -2.5287537e-01  -1.3659996e-04
   1.6137891e+01  -2.4635344e-01   1.2396128e-04
   1.6187931e+01  -2.0242948e-01   1.3657738e-04
   1.6237971e+01  -1.1009985e-01  -1.2268190e-04
   1.6288011e+01  -2.6490075e-03  -1.3648201e-04
   1.6338051e+01   6.0703116e-02   1.2148019e-04
   1.6388091e+01   6.0823782e-02   1.3644692e-04
   1.6438132e+01   3.5576570e-02  -1.2023699e-04
   1.6488172e+01   2.4061015e-02  -1.3636553e-04
   1.6538212e+01   2.1498458e-02   1.1904767e-04
   1.6588252e+01   4.0271552e-03   1.3632363e-04
   1.6638292e+01  -2.4870772e-02  -1.1783487e-04
   1.6688332e+01  -3.8516717e-02  -1.3625165e-04
   1.6738372e+01  -2.8617414e-02   1.1666127e-04
   1.6788412e+01  -1.4709596e-02   1.3620665e-04
   1.6838452e+01  -7.1849711e-03  -1.1547456e-04
   1.6888492e+01   1.4091144e-02  -1.3614080e-04
   1.6938533e+01   6.6773128e-02   1.1431866e-04
   1.6988573e+01   1.2829429e-01   1.3609497e-04
   1.7038613e+01   1.5597208e-01  -1.1315531e-04
   1.7088653e+01   1.3737011e-01  -1.3603352e-04
   1.7138693e+01   9.2742847e-02   1.1201770e-04
   1.7188733e+01   3.0647557e-02   1.3598783e-04
   1.7238773e+01  -5.9484160e-02  -1.1087604e-04
   1.7288813e+01  -1.5673423e-01  -1.3592993e-04
   1.7338853e+01  -1.9248866e-01   1.0975661e-04
   1.7388893e+01  -1.2217565e-01   1.3588486e-04
   1.7438933e+01   9.2783101e-03  -1.0863546e-04
   1.7488974e+01   1.1161306e-01  -1.3582999e-04
   1.7539014e+01   1.4436699e-01   1.0753388e-04
   1.7589054e+01   1.3204827e-01   1.3578577e-04
   1.7639094e+01   1.0290814e-01  -1.0643222e-04
   1.7689134e+01   6.4419111e-02  -1.3573360e-04
   1.7739174e+01   3.6095162e-02   1.0534804e-04
   1.7789214e+01   4.9188854e-02   1.3569036e-04
   1.7839254e+01   9.6193152e-02  -1.0426503e-04
   1.7889294e+01   1.2462036e-01  -1.3564063e-04
   1.7939334e+01   1.0094190e-01   1.0319773e-04
   1.7989375e+01   4.2749674e-02   1.3559844e-04
   1.8039415e+01  -3.0472984e-02  -1.0213260e-04
   1.8089455e+01  -1.3421183e-01  -1.3555096e-04
   1.8139495e+01  -2.7402467e-01   1.0108167e-04
   1.8189535e+01  -3.9701189e-01   1.3550985e-04
   1.8239575e+01  -4.2657426e-01  -1.0003369e-04
   1.8289615e+01  -3.3279276e-01  -1.3546446e-04
   1.8339655e+01  -1.5089955e-01   9.8998624e-05
   1.8389695e+01   4.6229711e-02   1.3542445e-04
   1.8439735e+01   1.7918936e-01  -9.7967111e-05
   1.8489775e+01   2.0410996e-01  -1.3538100e-04
   1.8539816e+01   1.5534298e-01   9.6947404e-05
   1.8589856e+01   1.1780755e-01   1.3534210e-04
   1.8639896e+01   1.2910296e-01  -9.5931714e-05
   1.8689936e+01   1.4197135e-01  -1.3530045e-04
   1.8739976e+01   1.1257475e-01   9.4926879e-05
   1.8790016e+01   7.8345004e-02   1.3526268e-04
   1.8840056e+01   9.4219650e-02  -9.3926399e-05
   1.8890096e+01   1.2946503e-01  -1.3522270e-04
   1.8940136e+01   1.0089398e-01   9.2935962e-05
   1.8990176e+01  -3.3909394e-03   1.3518606e-04
   1.9040217e+01  -1.0298868e-01  -9.1950111e-05
   1.9090257e+01  -1.3146609e-01  -1.3514765e-04
   1.9140297e+01  -1.0314786e-01   9.0973606e-05
   1.9190337e+01  -6.4241516e-02   1.3511214e-04
   1.9240377e+01  -3.5758197e-02  -9.0001834e-05
   1.9290417e+01  -2.7110158e-02  -1.3507520e-04
   1.9340457e+01  -5.7558526e-02   8.9038806e-05
   1.9390497e+01  -1.3010349e-01   1.3504079e-04
   1.9440537e+01  -2.0890247e-01  -8.8080593e-05
   1.9490577e+01  -2.4593063e-01  -1.3500524e-04
   1.9540618e+01  -2.1738776e-01   8.7130596e-05
   1.9590658e+01  -1.3128048e-01   1.3497193e-04
   1.9640698e+01  -2.3489053e-02  -8.6185450e-05
   1.9690738e+01   5.2751953e-02  -1.3493770e-04
   1.9740778e+01   6.5831733e-02   8.5248050e-05
   1.9790818e+01   4.1809927e-02   1.3490544e-04
   1.9840858e+01   3.3262239e-02  -8.4315500e-05
   1.9890898e+01   4.8762931e-02  -1.3487247e-04
   1.9940938e+01   4.6750118e-02   8.3390276e-05
   1.9990978e+01   4.6423347e-03   1.3484126e-04
   2.0041018e+01  -4.5177035e-02  -8.2469873e-05
   2.0091059e+01  -6.2387988e-02  -1.3480948e-04
   2.0141099e+01  -4.5256580e-02   8.1556415e-05
   2.0191139e+01  -1.0722529e-02   1.3477927e-04
   2.0241179e+01   3.9255630e-02  -8.0647730e-05
   2.0291219e+01   1.0475599e-01  -1.3474864e-04
   2.0341259e+01   1.6133207e-01   7.9745642e-05
   2.0391299e+01   1.7040225e-01   1.3471942e-04
   2.0441339e+01   1.1089494e-01  -7.8848264e-05
   2.0491379e+01  -1.3581749e-03  -1.3468988e-04
   2.0541419e+01  -1.0828430e-01   7.7957160e-05
   2.0591460e+01  -1.2737805e-01   1.3466161e-04
   2.0641500e+01  -1.0174239e-02  -7.7070695e-05
   2.0691540e+01   2.0111475e-01  -1.3463313e-04
   2.0741580e+01   3.9473864e-01   7.6190203e-05
   2.0791620e+01   4.7500325e-01   1.3460579e-04
   2.0841660e+01   4.1528081e-01  -7.5314271e-05
   2.0891700e+01   2.4609527e-01  -1.3457831e-04
   2.0941740e+01   3.7649783e-02   7.4444031e-05
   2.0991780e+01  -1.0936427e-01   1.3455187e-04
   2.1041820e+01  -1.1851488e-01  -7.3578266e-05
   2.1091860e+01  -1.2917304e-02  -1.3452536e-04
   2.1141901e+01   1.0139137e-01   7.2717930e-05
   2.1191941e+01   1.4795761e-01   1.3449979e-04
   2.1241981e+01   1.4049645e-01  -7.1861979e-05
   2.1292021e+01   1.2148486e-01  -1.3447422e-04
   2.1342061e+01   9.7880513e-02   7.1011211e-05
   2.1392101e+01   7.0227957e-02   1.3444950e-04
   2.1442141e+01   6.9884064e-02  -7.0164733e-05
   2.1492181e+01   1.1298192e-01  -1.3442483e-04
   2.1542221e+01   1.5163443e-01   6.9323207e-05
   2.1592261e+01   1.2563652e-01   1.3440093e-04
   2.1642302e+01   4.3567163e-02  -6.8485873e-05
   2.1692342e+01  -3.3381505e-02  -1.3437713e-04
   2.1742382e+01  -7.1095421e-02   6.7653275e-05
   2.1792422e+01  -8.1351987e-02   1.3435402e-04
   2.1842462e+01  -7.4517914e-02  -6.6824768e-05
   2.1892502e+01  -3.9562209e-02  -1.3433106e-04
   2.1942542e+01   2.9330100e-02   6.6000792e-05
   2.1992582e+01   1.1789039e-01   1.3430873e-04
   2.2042622e+01   2.0101129e-01  -6.5180803e-05
   2.2092662e+01   2.4778738e-01  -1.3428658e-04
   2.2142703e+01   2.3551193e-01   6.4365155e-05
   2.2192743e+01   1.8357303e-01   1.3426500e-04
   2.2242783e+01   1.4874278e-01  -6.3553387e-05
   2.2292823e+01   1.5315462e-01  -1.3424363e-04
   2.2342863e+01   1.4281673e-01   6.2745779e-05
   2.2392903e+01   6.0846646e-02   1.3422278e-04
   2.2442943e+01  -6.0044087e-02  -6.1941945e-05
   2.2492983e+01  -1.2945896e-01  -1.3420217e-04
   2.2543023e+01  -1.1083671e-01   6.1142100e-05
   2.2593063e+01  -4.8812389e-02   1.3418204e-04
   2.2643103e+01   6.4798649e-03  -6.0345921e-05
   2.2693144e+01   4.4317011e-02  -1.3416215e-04
   2.2743184e+01   5.9756031e-02   5.9553569e-05
   2.2793224e+01   3.5449656e-02   1.3414271e-04
   2.2843264e+01  -2.1124834e-02  -5.8764775e-05
   2.2893304e+01  -6.6732268e-02  -1.3412353e-04
   2.2943344e+01  -7.2746505e-02   5.7979655e-05
   2.2993384e+01  -5.4180299e-02   1.3410477e-04
   2.3043424e+01  -3.2268577e-02  -5.7197983e-05
   2.3093464e+01  -4.5776670e-03  -1.3408627e-04
   2.3143504e+01   2.5536606e-02   5.6419840e-05
   2.3193545e+01   2.5796846e-02   1.3406817e-04
   2.3243585e+01  -2.3192029e-02  -5.5645037e-05
   2.3293625e+01  -8.3069206e-02  -1.3405034e-04
   2.3343665e+01  -9.1772609e-02   5.4873624e-05
   2.3393705e+01  -4.0482735e-02   1.3403287e-04
   2.3443745e+01   1.0175973e-02  -5.4105443e-05
   2.3493785e+01  -1.6561515e-03  -1.3401569e-04
   2.3543825e+01  -6.8838660e-02   5.3340520e-05
   2.3593865e+01  -1.2393627e-01   1.3399885e-04
   2.3643905e+01  -1.1552984e-01  -5.2578721e-05
   2.3693945e+01  -6.5437686e-02  -1.3398228e-04
   2.3743986e+01  -4.1904820e-02   5.1820053e-05
   2.3794026e+01  -8.2948880e-02   1.3396605e-04
   2.3844066e+01  -1.6303479e-01  -5.1064404e-05
   2.3894106e+01  -2.3299935e-01  -1.3395010e-04
   2.3944146e+01  -2.6647240e-01   5.0311765e-05
   2.3994186e+01  -2.5967471e-01   1.3393446e-04
   2.4044226e+01  -2.1773995e-01  -4.9562038e-05
   2.4094266e+01  -1.6319459e-01  -1.3391909e-04
   2.4144306e+01  -1.3170584e-01   4.8815206e-05
   2.4194346e+01  -1.3285152e-01   1.3390403e-04
   2.4244387e+01  -1.3632998e-01  -4.8071181e-05
   2.4294427e+01  -1.1978979e-01  -1.3388924e-04
   2.4344467e+01  -1.0071362e-01   4.7329939e-05
   2.4394507e+01  -9.1394821e-02   1.3387475e-04
   2.4444547e+01  -6.0478369e-02  -4.6591403e-05
   2.4494587e+01   1.2850863e-02  -1.3386052e-04
   2.4544627e+01   7.9837149e-02   4.5855540e-05
   2.4594667e+01   8.0017399e-02   1.3384657e-04
   2.4644707e+01   3.6462829e-02  -4.5122282e-05
   2.4694747e+01   2.3074065e-02  -1.3383289e-04
   2.4744788e+01   4.8034576e-02   4.4391594e-05
   2.4794828e+01   4.7027038e-02   1.3381948e-04
   2.4844868e+01  -5.3815970e-03  -4.3663411e-05
   2.4894908e+01  -5.8112006e-02  -1.3380633e-04
   2.4944948e+01  -7.2862931e-02   4.2937695e-05
   2.4994988e+01  -7.0995478e-02   1.3379345e-04
   2.5045028e+01  -6.3907457e-02  -4.2214388e-05
   2.5095068e+01  -1.6908014e-02  -1.3378082e-04
   2.5145108e+01   7.4453121e-02   4.1493450e-05
   2.5195148e+01   1.4604252e-01   1.3376845e-04
   2.5245188e+01   1.5777789e-01  -4.0774825e-05
   2.5295229e+01   1.5784587e-01  -1.3375633e-04
   2.5345269e+01   1.9047355e-01   4.0058471e-05
   2.5395309e+01   2.0266404e-01   1.3374447e-04
   2.5445349e+01   1.2556269e-01  -3.9344338e-05
   2.5495389e+01   4.2644724e-03  -1.3373284e-04
   2.5545429e+01  -4.5029328e-02   3.8632383e-05
   2.5595469e+01   1.3517458e-02   1.3372147e-04
   2.5645509e+01   1.0920451e-01  -3.7922556e-05
   2.5695549e+01   1.7371243e-01  -1.3371033e-04
   2.5745589e+01   1.9072001e-01   3.7214815e-05
   2.5795630e+01   1.4604642e-01   1.3369944e-04
   2.5845670e+01   2.6497780e-02  -3.6509113e-05
   2.5895710e+01  -1.1248512e-01  -1.3368878e-04
   2.5945750e+01  -1.6643754e-01   3.5805408e-05
   2.5995790e+01  -1.0848897e-01   1.3367835e-04
   2.6045830e+01  -3.0946282e-02  -3.5103653e-05
   2.6095870e+01  -2.3961347e-02  -1.3366816e-04
   2.6145910e+01  -7.2428704e-02   3.4403807e-05
   2.6195950e+01  -1.1041315e-01   1.3365820e-04
   2.6245990e+01  -1.1481979e-01  -3.3705824e-05
   2.6296030e+01  -9.2730149e-02  -1.3364846e-04
   2.6346071e+01  -2.9677573e-02   3.3009665e-05
   2.6396111e+01   8.3562028e-02   1.3363895e-04
   2.6446151e+01   2.0504797e-01  -3.2315285e-05
   2.6496191e+01   2.8263084e-01  -1.3362967e-04
   2.6546231e+01   3.1633534e-01   3.1622644e-05
   2.6596271e+01   3.2531563e-01   1.3362060e-04
   2.6646311e+01   2.8231333e-01  -3.0931699e-05
   2.6696351e+01   1.5175715e-01  -1.3361176e-04
   2.6746391e+01  -2.0494161e-02   3.0242410e-05
   2.6796431e+01  -1.3127483e-01   1.3360313e-04
   2.6846472e+01  -1.4109569e-01  -2.9554735e-05
   2.6896512e+01  -1.0720787e-01  -1.3359471e-04
   2.6946552e+01  -8.7578235e-02   2.8868634e-05
   2.6996592e+01  -8.0170789e-02   1.3358652e-04
   2.7046632e+01  -7.7460386e-02  -2.8184068e-05
   2.7096672e+01  -1.0813442e-01  -1.3357853e-04
   2.7146712e+01  -1.7949668e-01   2.7500997e-05
   2.7196752e+01  -2.3495468e-01   1.3357075e-04
   2.7246792e+01  -2.2473122e-01  -2.6819380e-05
   2.7296832e+01  -1.7968686e-01  -1.3356318e-04
   2.7346873e+01  -1.5741715e-01   2.6139180e-05
   2.7396913e+01  -1.4409257e-01   1.3355582e-04
   2.7446953e+01  -7.3478877e-02  -2.5460357e-05
   2.7496993e+01   6.6862314e-02  -1.3354867e-04
   2.7547033e+01   2.0529152e-01   2.4782873e-05
   2.7597073e+01   2.6286344e-01   1.3354172e-04
   2.7647113e+01   2.1709282e-01  -2.4106690e-05
   2.7697153e+01   9.4790224e-02  -1.3353497e-04
   2.7747193e+01  -4.8727626e-02   2.3431770e-05
   2.7797233e+01  -1.4105537e-01   1.3352842e-04
   2.7847273e+01  -1.3541026e-01  -2.2758074e-05
   2.7897314e+01  -5.9710876e-02  -1.3352207e-04
   2.7947354e+01   1.1491891e-02   2.2085567e-05
   2.7997394e+01   4.2465642e-02   1.3351592e-04
   2.8047434e+01   5.7718550e-02  -2.1414210e-05
   2.8097474e+01   7.5512738e-02  -1.3350996e-04
   2.8147514e+01   7.1335077e-02   2.0743968e-05
   2.8197554e+01   2.8772403e-02   1.3350421e-04
   2.8247594e+01  -1.8123177e-02  -2.0074802e-05
   2.8297634e+01  -2.5316100e-02  -1.3349864e-04
   2.8347674e+01   6.9515379e-03   1.9406678e-05
   2.8397715e+01   4.3815410e-02   1.3349327e-04
   2.8447755e+01   5.2318340e-02  -1.8739558e-05
   2.8497795e+01   1.2267622e-02  -1.3348809e-04
   2.8547835e+01  -7.1164114e-02   1.8073407e-05
   2.8597875e+01  -1.4214271e-01   1.3348311e-04
   2.8647915e+01  -1.2412133e-01  -1.7408188e-05
   2.8697955e+01  -1.1399024e-02  -1.3347831e-04
   2.8747995e+01   1.0544534e-01   1.6743867e-05
   2.8798035e+01   1.4606689e-01   1.3347370e-04
   2.8848075e+01   1.3758199e-01  -1.6080408e-05
   2.8898115e+01   1.5682282e-01  -1.3346928e-04
   2.8948156e+01   2.0729603e-01   1.5417776e-05
   2.8998196e+01   2.1835703e-01   1.3346505e-04
   2.9048236e+01   1.5636708e-01  -1.4755935e-05
   2.9098276e+01   7.2769417e-02  -1.3346100e-04
   2.9148316e+01   3.2339819e-02   1.4094851e-05
   2.9198356e+01   4.2667152e-02   1.3345714e-04
   2.9248396e+01   6.9439747e-02  -1.3434489e-05
   2.9298436e+01   8.5006449e-02  -1.3345347e-04
   2.9348476e+01   8.7787311e-02   1.2774815e-05
   2.9398516e+01   9.9948420e-02   1.3344998e-04
   2.9448557e+01   1.5272964e-01  -1.2115794e-05
   2.9498597e+01   2.4968613e-01  -1.3344667e-04
   2.9548637e+01   3.4195527e-01   1.1457392e-05
   2.9598677e+01   3.6467821e-01   1.3344354e-04
   2.9648717e+01   2.9972563e-01  -1.0799574e-05
   2.9698757e+01   1.8284457e-01  -1.3344060e-04
   2.9748797e+01   5.8345657e-02   1.0142307e-05
   2.9798837e+01  -4.5243966e-02   1.3343784e-04
   2.9848877e+01  -1.0794757e-01  -9.4855565e-06
   2.9898917e+01  -1.2859734e-01  -1.3343525e-04
   2.9948958e+01  -1.4024494e-01   8.8292890e-06
   2.9998998e+01  -1.7517064e-01   1.3343285e-04
   3.0049038e+01  -2.1306827e-01  -8.1734705e-06
   3.0099078e+01  -2.0351202e-01  -1.3343063e-04
   3.0149118e+01  -1.4282108e-01   7.5180675e-06
   3.0199158e+01  -8.7471050e-02   1.3342859e-04
   3.0249198e+01  -8.4241991e-02  -6.8630464e-06
   3.0299238e+01  -1.2546401e-01  -1.3342673e-04
   3.0349278e+01  -1.7740545e-01   6.2083738e-06
   3.0399318e+01  -2.0891444e-01   1.3342504e-04
   3.0449358e+01  -1.8669022e-01  -5.5540164e-06
   3.0499399e+01  -9.7385281e-02  -1.3342354e-04
   3.0549439e+01   4.5085960e-03   4.8999405e-06
   3.0599479e+01   2.3314035e-02   1.3342221e-04
   3.0649519e+01  -6.8468136e-02  -4.2461132e-06
   3.0699559e+01  -1.8568183e-01  -1.3342106e-04
   3.0749599e+01  -2.2816069e-01   3.5925010e-06
   3.0799639e+01  -1.8817009e-01   1.3342008e-04
   3.0849679e+01  -1.2778080e-01  -2.9390709e-06
   3.0899719e+01  -8.6849444e-02  -1.3341929e-04
   3.0949759e+01  -6.0094035e-02   2.2857897e-06
   3.0999800e+01  -4.1241018e-02   1.3341867e-04
   3.1049840e+01  -3.6821384e-02  -1.6326243e-06
   3.1099880e+01  -3.7736859e-02  -1.3341823e-04
   3.1149920e+01  -1.7145207e-02   9.7954148e-07
   3.1199960e+01   3.3989631e-02   1.3341796e-04
   3.1250000e+01   8.9965030e-02  -3.2650838e-07
